16 14
0 126156 545631 879756 0 0 296572 200911 0 781471 394076 0 0 894313 0 0 
126156 0 702061 0 188795 0 32899 0 46806 177077 14631 0 283356 0 620842 0 
545631 702061 0 453247 787573 60685 0 548901 0 154885 621476 280252 874320 0 0 788763 
879756 0 453247 0 862983 534376 464967 980169 434859 0 117180 730711 0 374505 0 139729 
0 188795 787573 862983 0 0 0 867907 528572 381965 585286 340068 668665 0 654436 0 
0 0 60685 534376 0 0 998951 876533 649616 0 42481 187729 949093 390807 0 32880 
296572 32899 0 464967 0 998951 0 0 0 0 199409 306322 0 822416 0 960496 
200911 0 548901 980169 867907 876533 0 0 799594 105489 79619 443824 316839 0 602340 675647 
0 46806 0 434859 528572 649616 0 799594 0 662411 0 774297 611935 825032 236637 0 
781471 177077 154885 0 381965 0 0 105489 662411 0 0 0 785673 173158 666076 0 
394076 14631 621476 117180 585286 42481 199409 79619 0 0 0 702729 0 0 788421 169819 
0 0 280252 730711 340068 187729 306322 443824 774297 0 702729 0 635303 522682 466384 107663 
0 283356 874320 0 668665 949093 0 316839 611935 785673 0 635303 0 712190 68593 759148 
894313 0 0 374505 0 390807 822416 0 825032 173158 0 522682 712190 0 39348 246470 
0 620842 0 0 654436 0 0 602340 236637 666076 788421 466384 68593 39348 0 299971 
0 0 788763 139729 0 32880 960496 675647 0 0 169819 107663 759148 246470 299971 0 
