64 14
0 26156 0 79756 28572 31357 0 0 4804 0 0 0 42567 27300 66076 0 0 0 83559 95186 74563 63364 50755 0 23331 48024 0 10414 85673 73158 75100 0 0 9697 75477 0 37601 42481 44645 32880 46773 0 37753 92167 22079 0 88421 0 56054 46806 54885 0 22852 0 49435 0 0 15490 81952 94842 27606 0 58684 35704 
26156 0 2061 30711 37091 32894 80551 31812 0 6448 14631 21832 83356 0 14748 0 20399 875 0 45508 89713 1018 0 74320 24115 20315 25025 0 95595 0 53101 69819 20628 0 44786 0 60380 0 75393 0 43948 41084 83042 59964 0 22682 0 0 88478 13960 29279 17180 97965 16765 0 56112 78660 0 5267 71269 0 0 42525 0 
0 2061 0 56286 87573 2143 0 8218 39271 0 0 63032 39518 12190 85180 46470 0 0 64821 35823 80621 90807 0 1855 11935 38219 20277 89635 0 0 0 0 48342 0 46036 8929 68665 85686 22416 16839 0 77198 86856 0 35303 0 0 13920 94313 92446 0 96235 72539 49093 0 0 74297 84727 81068 0 32810 19528 48841 81000 
79756 30711 56286 0 0 34376 64967 80169 34859 0 89159 38641 0 74505 0 0 81123 0 911 39729 1716 3326 0 2340 64630 0 94686 4182 68593 46464 0 30311 0 0 0 0 0 0 60496 66967 25032 0 31005 33919 0 39348 83468 0 17885 20842 23647 0 0 31604 85811 0 0 31623 10237 62812 43643 0 60183 97266 
28572 37091 87573 0 0 17664 7583 49300 14686 81965 0 12250 0 24245 0 95174 26218 0 32829 90167 5579 48964 0 57907 71004 0 89715 0 58382 0 0 41918 44594 50979 0 44098 46894 58883 0 49119 0 0 19038 27865 60854 563 0 42399 23689 85166 78506 51067 56219 0 57611 24559 95035 0 0 0 0 0 0 0 
31357 32894 2143 34376 17664 0 80837 84668 34989 83288 0 0 0 9902 73578 0 12854 45212 9697 1565 0 88304 92099 76209 0 36278 13304 0 65748 0 0 85286 2840 71977 0 0 0 95045 0 35738 49818 37959 0 0 21692 0 0 55361 0 0 31521 86511 43178 0 0 0 51156 0 53702 33640 52587 0 17395 0 
0 80551 0 64967 7583 80837 0 40161 78493 0 96578 0 0 86153 78987 45818 0 0 0 45711 16147 0 35856 6684 51904 23630 1670 90563 14909 0 15732 6747 38162 0 84462 42710 0 0 0 9391 38677 17324 70319 98160 13596 52088 67533 72278 71404 0 78756 11331 27871 0 38008 78073 82119 60919 34704 0 0 21800 42143 0 
0 31812 8218 80169 49300 84668 40161 0 37311 0 0 91297 0 0 398 51613 60326 7502 0 73393 0 78177 0 60055 72592 0 32340 23751 35422 0 37374 25787 66504 6518 0 0 0 78468 97708 59677 0 42833 0 73337 91314 3548 0 6322 68629 0 32709 52497 0 0 5252 52192 60190 5879 99750 99795 62113 55658 0 49329 
4804 0 39271 34859 14686 34989 78493 37311 0 18392 34299 35838 0 0 36637 0 0 0 0 98172 80076 0 0 42562 81036 80994 93161 21476 78621 73874 81690 96687 66106 88817 32291 73010 32252 78216 73141 78475 83239 0 0 5284 46079 18025 0 46736 0 5056 0 85325 60705 61956 26802 604 0 0 31173 68171 47148 80474 60230 64904 
0 6448 0 0 81965 83288 0 0 18392 0 0 0 0 0 35871 0 0 60698 977 30173 47006 0 4802 0 0 0 42751 0 0 80252 51809 7105 42081 23477 0 47990 0 0 91012 0 32307 22710 31421 58718 60848 43456 0 0 60866 36573 0 0 92554 93910 74332 12487 39451 0 65372 22209 20900 79670 92926 58301 
0 14631 0 89159 0 0 96578 0 34299 0 0 2729 95909 0 36681 0 94076 0 32645 55040 0 0 79566 0 54427 0 55700 38659 0 3174 16127 92872 14664 0 98186 0 0 0 0 64804 14187 0 92268 59134 40069 0 20206 42017 0 0 44612 97664 0 16823 14579 0 0 77443 74033 43319 0 36329 0 79425 
0 21832 63032 38641 12250 0 0 91297 35838 0 2729 0 92140 96665 0 7663 6373 93674 96437 26744 0 0 80915 90338 70055 31555 37457 89000 53247 0 0 0 0 0 88919 54035 26067 84200 0 0 13157 14989 9916 28363 0 15710 0 18797 0 0 61276 39126 45165 67702 78273 84096 4061 12730 67707 0 0 76662 0 26202 
42567 83356 39518 0 0 0 0 0 0 0 95909 92140 0 57497 82744 0 0 60226 0 0 77824 77077 88795 51907 0 19204 0 6718 0 0 84211 60804 88305 22445 0 76533 0 61293 0 0 0 71586 0 97782 45094 46825 0 70461 90641 77234 77577 99238 0 37204 61388 45239 3532 67907 37027 92330 26525 89272 99950 0 
27300 0 12190 74505 24245 9902 86153 0 0 0 0 96665 57497 0 50724 60803 0 0 20648 76480 0 58588 0 99253 77137 33630 22865 0 0 0 40068 0 68392 0 0 0 82337 4506 56888 0 42938 0 0 0 0 45572 0 0 94068 0 98328 81363 20687 0 0 79619 40404 22368 62975 57034 44249 87386 0 47297 
66076 14748 85180 0 0 73578 78987 398 36637 35871 36681 0 82744 50724 0 0 0 81471 15809 0 45631 55994 40105 0 0 0 0 21796 0 64791 0 0 0 0 0 73726 90246 17788 7963 45024 0 20945 96124 20433 0 0 55909 98537 12384 0 12223 0 76386 0 0 45421 0 11697 52162 0 20433 0 0 18724 
0 0 46470 0 95174 0 45818 51613 0 0 0 7663 0 60803 0 0 76749 0 59692 0 52455 47755 79019 0 41074 43142 56828 0 0 0 0 27277 0 58004 88278 57006 7865 80483 48770 81445 57289 32899 87805 53617 0 3249 54721 56856 57978 93049 88141 96385 56518 42012 81642 45348 15510 916 26971 12420 72018 48006 0 0 
0 20399 0 81123 26218 12854 0 60326 0 0 94076 6373 0 0 0 76749 0 38704 95085 78769 48614 90974 0 32498 25278 6331 96202 25771 0 10360 69030 0 69529 0 0 0 62341 0 11876 43469 0 0 0 77655 97956 0 85187 15502 24739 26088 53560 12419 64870 0 99420 14928 12134 41925 33251 0 0 95680 12989 0 
0 875 0 0 0 45212 0 7502 0 60698 0 93674 60226 0 81471 0 38704 0 63393 0 21461 0 0 0 0 0 0 0 31208 51937 0 451 98580 62983 0 0 10240 70976 51647 43071 3931 7478 25828 0 83717 71531 35066 47966 0 56519 0 94655 76752 0 22527 11537 42916 92282 99594 0 58187 0 77004 21004 
83559 0 64821 911 32829 9697 0 0 0 977 32645 96437 0 20648 15809 59692 95085 63393 0 0 32555 0 83877 35955 0 50248 53975 89544 60520 13148 0 0 0 0 72169 0 0 0 5617 18091 27044 69799 91522 89145 20438 88069 87441 0 0 56482 62137 89741 26452 11353 15991 83481 1139 0 5109 78690 13070 18888 0 0 
95186 45508 35823 39729 90167 1565 45711 73393 98172 30173 55040 26744 0 76480 0 0 78769 0 0 0 4470 0 58594 10594 0 0 64190 0 6605 25821 84513 40030 82956 25213 14236 36974 87729 0 17792 0 985 0 14277 0 71410 0 0 3896 29234 47754 12028 0 8049 75431 97997 5544 79949 0 35953 30028 77057 31686 84883 0 
74563 89713 80621 1716 5579 0 16147 0 80076 47006 0 0 77824 0 45631 52455 48614 21461 32555 4470 0 0 31632 41309 0 56963 0 9149 0 75884 0 0 0 60049 0 0 61171 53568 32155 0 53765 0 54418 34849 80651 0 52414 25961 0 90212 0 0 0 0 48901 0 73233 55186 78266 33833 0 0 0 70487 
63364 1018 90807 3326 48964 88304 0 78177 0 0 0 0 77077 58588 55994 47755 90974 0 0 0 0 0 0 0 51106 92996 72567 6169 90668 0 66905 11656 0 0 45319 86274 79442 59328 0 21400 19538 0 0 0 81134 23 22511 35984 0 0 0 28958 18816 75794 48325 64099 77522 0 98780 48792 62411 59208 41222 85715 
50755 0 0 0 0 92099 35856 0 0 4802 79566 80915 88795 0 40105 79019 0 0 83877 58594 31632 0 0 0 0 13798 0 0 35765 12505 0 0 43755 0 46615 71695 0 7381 64347 0 4644 64643 0 28703 32958 98452 0 42039 0 68588 33530 16588 35766 65159 28361 38925 52983 74463 0 0 0 27386 93481 0 
0 74320 1855 2340 57907 76209 6684 60055 42562 0 0 90338 51907 99253 0 0 32498 0 35955 10594 41309 0 0 0 24380 0 6002 0 0 38088 4830 26853 66483 99318 65267 91750 0 0 0 94243 37845 70253 25158 3181 96113 0 0 97755 21584 19340 19489 74080 0 0 18217 0 0 73327 0 0 45304 0 56986 56000 
23331 24115 11935 64630 71004 0 51904 72592 81036 0 54427 70055 0 77137 0 41074 25278 0 0 0 0 51106 0 24380 0 0 81810 0 47037 36233 0 0 42723 0 86232 13201 0 49616 0 80514 0 0 0 27280 17357 47678 16374 68007 0 77187 0 16033 0 78766 89886 50167 58090 0 0 55577 35190 25956 0 82727 
48024 20315 38219 0 0 36278 23630 0 80994 0 0 31555 19204 33630 0 43142 6331 0 50248 0 56963 92996 13798 0 0 0 71860 0 0 31600 12385 83396 0 0 0 95635 77679 66498 59909 48192 81513 55414 0 92790 30100 0 83111 94180 0 51595 7470 61368 63677 93707 73406 0 0 0 73337 0 0 74050 2992 28050 
0 25025 20277 94686 89715 13304 1670 32340 93161 42751 55700 37457 0 22865 0 56828 96202 0 53975 64190 0 72567 0 6002 81810 71860 0 0 52121 21771 4927 31685 68451 90777 0 31195 78802 8893 0 71901 14691 77741 97081 0 0 52067 22386 20035 94518 73585 2672 91892 80080 0 6069 0 87668 0 47476 0 37279 20283 67205 37930 
10414 0 89635 4182 0 0 90563 23751 21476 0 38659 89000 6718 0 21796 0 25771 0 89544 0 9149 6169 0 0 0 0 0 0 4264 58219 40235 37076 0 19708 0 33326 0 36749 30567 24231 33212 0 0 0 0 56010 42580 23712 0 70118 67331 93803 0 6415 61720 85442 36401 93839 60096 0 78038 28653 5969 8630 
85673 95595 0 68593 58382 65748 14909 35422 78621 0 0 53247 0 0 0 0 0 31208 60520 6605 0 90668 35765 0 47037 0 52121 4264 0 0 0 39636 0 0 0 77194 6220 0 37510 44806 98000 24143 78809 0 14157 0 56729 0 41850 92526 15067 48096 39885 67820 39516 23729 0 0 0 0 55430 0 58334 0 
73158 0 0 46464 0 0 0 0 73874 80252 3174 0 0 0 64791 0 10360 51937 13148 25821 75884 0 12505 38088 36233 31600 21771 58219 0 0 53481 7596 87236 26345 63469 0 57092 49630 0 64677 67080 2550 76484 28412 26403 84543 74434 0 0 0 0 79262 0 32382 0 45199 0 0 0 86883 15929 0 56627 74037 
75100 53101 0 0 0 0 15732 37374 81690 51809 16127 0 84211 40068 0 0 69030 0 0 84513 0 66905 0 4830 0 12385 4927 40235 0 53481 0 94452 54436 0 60685 0 42743 76854 0 29494 0 57470 40668 0 99409 0 0 76846 72201 58951 0 74284 29098 86306 5059 25477 8853 0 65024 73111 0 29446 18422 31420 
0 69819 0 30311 41918 85286 6747 25787 96687 7105 92872 0 60804 0 0 27277 0 451 0 40030 0 11656 0 26853 0 83396 31685 37076 39636 7596 94452 0 47797 0 42371 82399 0 69722 0 22578 99993 84199 0 45569 0 90902 87188 0 75647 12929 0 85990 2069 0 74399 62857 81130 91567 73121 11735 53378 18800 35990 0 
0 20628 48342 0 44594 2840 38162 66504 66106 42081 14664 0 88305 68392 0 0 69529 98580 0 82956 0 0 43755 66483 42723 0 68451 0 0 87236 54436 47797 0 0 0 0 38390 17486 0 0 96572 10521 88796 24952 82816 0 0 40305 3799 956 0 75351 0 0 12616 77228 69328 41181 28538 0 3146 0 54990 99350 
9697 0 0 0 50979 71977 0 6518 88817 23477 0 0 22445 0 0 58004 0 62983 0 25213 60049 0 0 99318 0 0 90777 19708 0 26345 0 0 0 0 0 0 0 29084 64058 0 74555 32690 0 69617 48690 62935 42999 0 91659 37247 43824 64410 66165 94658 74121 82047 60730 75166 12343 61395 0 0 94096 15694 
75477 44786 46036 0 0 0 84462 0 32291 0 98186 88919 0 0 0 88278 0 0 72169 14236 0 45319 46615 65267 86232 0 0 0 0 63469 60685 42371 0 0 0 88019 60435 23452 0 38206 0 40688 70228 90734 39073 74940 71007 30349 70621 0 56453 59862 0 0 93580 3737 34185 45746 7078 62189 18616 0 0 65775 
0 0 8929 0 44098 0 42710 0 73010 47990 0 54035 76533 0 73726 57006 0 0 0 36974 0 86274 71695 91750 13201 95635 31195 33326 77194 0 0 82399 0 0 88019 0 29384 0 79282 70425 16830 6191 92397 0 24401 56513 76335 11696 72438 9602 9855 54287 66818 94399 0 83831 42817 0 85618 0 45716 0 73742 49252 
37601 60380 68665 0 46894 0 0 0 32252 0 0 26067 0 82337 90246 7865 62341 10240 0 87729 61171 79442 0 0 0 77679 78802 0 6220 57092 42743 0 38390 0 60435 29384 0 50080 81584 96913 41461 0 46338 0 0 37333 56473 43448 92119 2948 27485 0 20494 23281 0 79742 9122 0 1657 32018 7326 62231 90649 66038 
42481 0 85686 0 58883 95045 0 78468 78216 0 0 84200 61293 4506 17788 80483 0 70976 0 0 53568 59328 7381 0 49616 66498 8893 36749 0 49630 76854 69722 17486 29084 23452 0 50080 0 0 0 0 27816 0 63134 0 0 0 0 0 79582 94473 50155 0 18150 0 52792 2364 0 26128 46069 0 5659 68750 2179 
44645 75393 22416 60496 0 0 0 97708 73141 91012 0 0 0 56888 7963 48770 11876 51647 5617 17792 32155 0 64347 0 0 59909 0 30567 37510 0 0 0 0 64058 0 79282 81584 0 0 9857 7479 83815 0 29235 62799 0 0 42021 51056 0 0 1802 36003 0 5214 0 33049 459 13899 9103 97324 62603 3346 40947 
32880 0 16839 66967 49119 35738 9391 59677 78475 0 64804 0 0 0 45024 81445 43469 43071 18091 0 0 21400 0 94243 80514 48192 71901 24231 44806 64677 29494 22578 0 0 38206 70425 96913 0 9857 0 0 13013 31713 98951 61605 41127 8544 3134 6422 0 10414 30013 72447 66985 55065 69737 54444 22741 64090 0 56085 0 98771 74286 
46773 43948 0 25032 0 49818 38677 0 83239 32307 14187 13157 0 42938 0 57289 0 3931 27044 985 53765 19538 4644 37845 0 81513 14691 33212 98000 67080 0 99993 96572 74555 0 16830 41461 0 7479 0 0 0 20125 20470 22175 0 0 0 68117 0 44394 0 89186 0 71182 6543 13596 46625 54812 91550 0 0 23394 48888 
0 41084 77198 0 0 37959 17324 42833 0 22710 0 14989 71586 0 20945 32899 0 7478 69799 0 0 0 64643 70253 0 55414 77741 0 24143 2550 57470 84199 10521 32690 40688 6191 0 27816 83815 13013 0 0 0 83432 95016 72411 42288 88826 49929 22554 0 5119 0 14429 86408 47289 66236 0 0 0 63028 0 75998 0 
37753 83042 86856 31005 19038 0 70319 0 0 31421 92268 9916 0 0 96124 87805 0 25828 91522 14277 54418 0 0 25158 0 0 97081 0 78809 76484 40668 0 88796 0 70228 92397 46338 0 0 31713 20125 0 0 97212 0 413 0 0 94636 17900 0 62648 0 85938 39980 70743 18419 0 24304 96493 38496 87935 0 823 
92167 59964 0 33919 27865 0 98160 73337 5284 58718 59134 28363 97782 0 20433 53617 77655 0 89145 0 34849 0 28703 3181 27280 92790 0 0 0 28412 0 45569 24952 69617 90734 0 0 63134 29235 98951 20470 83432 97212 0 14119 0 48575 6600 0 83089 0 75588 43984 16971 0 10649 7076 9089 67860 0 60841 0 36246 22546 
22079 0 35303 0 60854 21692 13596 91314 46079 60848 40069 0 45094 0 0 0 97956 83717 20438 71410 80651 81134 32958 96113 17357 30100 0 0 14157 26403 99409 0 82816 48690 39073 24401 0 0 62799 61605 22175 95016 0 14119 0 75237 82163 0 0 0 0 0 61941 22093 87671 0 43631 85277 87766 7414 88098 0 74569 83054 
0 22682 0 39348 563 0 52088 3548 18025 43456 0 15710 46825 45572 0 3249 0 71531 88069 0 0 23 98452 0 47678 0 52067 56010 0 84543 0 90902 0 62935 74940 56513 37333 0 0 41127 0 72411 413 0 75237 0 0 93330 69788 51648 87445 0 69214 40779 0 90585 25289 55877 0 42375 32267 47341 73117 0 
88421 0 0 83468 0 0 67533 0 0 0 20206 0 0 0 55909 54721 85187 35066 87441 0 52414 22511 0 0 16374 83111 22386 42580 56729 74434 0 87188 0 42999 71007 76335 56473 0 0 8544 0 42288 0 48575 82163 0 0 54829 0 41273 0 46563 0 17652 538 99069 20583 98973 92138 0 4417 0 523 9810 
0 0 13920 0 42399 55361 72278 6322 46736 0 42017 18797 70461 0 98537 56856 15502 47966 0 3896 25961 35984 42039 97755 68007 94180 20035 23712 0 0 76846 0 40305 0 30349 11696 43448 0 42021 3134 0 88826 0 6600 0 93330 54829 0 1954 28249 96939 82765 44955 16366 17321 25039 90104 0 9332 29197 62772 32054 9989 59080 
56054 88478 94313 17885 23689 0 71404 68629 0 60866 0 0 90641 94068 12384 57978 24739 0 0 29234 0 0 0 21584 0 0 94518 0 41850 0 72201 75647 3799 91659 70621 72438 92119 0 51056 6422 68117 49929 94636 0 0 69788 0 1954 0 50732 49888 64620 68301 6197 97148 2632 0 92706 16077 0 0 54829 0 93737 
46806 13960 92446 20842 85166 0 0 0 5056 36573 0 0 77234 0 0 93049 26088 56519 56482 47754 90212 0 68588 19340 77187 51595 73585 70118 92526 0 58951 12929 956 37247 0 9602 2948 79582 0 0 0 22554 17900 83089 0 51648 41273 28249 50732 0 110 46523 0 95530 43242 10362 26102 91001 40656 369 74165 88650 61803 57999 
54885 29279 0 23647 78506 31521 78756 32709 0 0 44612 61276 77577 98328 12223 88141 53560 0 62137 12028 0 0 33530 19489 0 7470 2672 67331 15067 0 0 0 0 43824 56453 9855 27485 94473 0 10414 44394 0 0 0 0 87445 0 96939 49888 110 0 13544 19648 18438 89530 26875 11666 14556 43585 88477 97902 35830 37604 0 
0 17180 96235 0 51067 86511 11331 52497 85325 0 97664 39126 99238 81363 0 96385 12419 94655 89741 0 0 28958 16588 74080 16033 61368 91892 93803 48096 79262 74284 85990 75351 64410 59862 54287 0 50155 1802 30013 0 5119 62648 75588 0 0 46563 82765 64620 46523 13544 0 92871 0 49133 20101 7020 33447 83713 74304 12004 40426 25986 80460 
22852 97965 72539 0 56219 43178 27871 0 60705 92554 0 45165 0 20687 76386 56518 64870 76752 26452 8049 0 18816 35766 0 0 63677 80080 0 39885 0 29098 2069 0 66165 0 66818 20494 0 36003 72447 89186 0 0 43984 61941 69214 0 44955 68301 0 19648 92871 0 19176 0 37822 39824 60089 74259 5986 57199 0 45159 0 
0 16765 49093 31604 0 0 0 0 61956 93910 16823 67702 37204 0 0 42012 0 0 11353 75431 0 75794 65159 0 78766 93707 0 6415 67820 32382 86306 0 0 94658 0 94399 23281 18150 0 66985 0 14429 85938 16971 22093 40779 17652 16366 6197 95530 18438 0 19176 0 27669 63074 2190 51538 41063 92662 74213 0 31572 44019 
49435 0 0 85811 57611 0 38008 5252 26802 74332 14579 78273 61388 0 0 81642 99420 22527 15991 97997 48901 48325 28361 18217 89886 73406 6069 61720 39516 0 5059 74399 12616 74121 93580 0 0 0 5214 55065 71182 86408 39980 0 87671 0 538 17321 97148 43242 89530 49133 0 27669 0 81337 74593 0 98644 46128 11620 0 21130 98019 
0 56112 0 0 24559 0 78073 52192 604 12487 0 84096 45239 79619 45421 45348 14928 11537 83481 5544 0 64099 38925 0 50167 0 0 85442 23729 45199 25477 62857 77228 82047 3737 83831 79742 52792 0 69737 6543 47289 70743 10649 0 90585 99069 25039 2632 10362 26875 20101 37822 63074 81337 0 70849 94993 22772 31819 79853 0 55491 133 
0 78660 74297 0 95035 51156 82119 60190 0 39451 0 4061 3532 40404 0 15510 12134 42916 1139 79949 73233 77522 52983 0 58090 0 87668 36401 0 0 8853 81130 69328 60730 34185 42817 9122 2364 33049 54444 13596 66236 18419 7076 43631 25289 20583 90104 0 26102 11666 7020 39824 2190 74593 70849 0 0 61710 0 53590 0 0 73296 
15490 0 84727 31623 0 0 60919 5879 0 0 77443 12730 67907 22368 11697 916 41925 92282 0 0 55186 0 74463 73327 0 0 0 93839 0 0 0 91567 41181 75166 45746 0 0 0 459 22741 46625 0 0 9089 85277 55877 98973 0 92706 91001 14556 33447 60089 51538 0 94993 0 0 90535 0 27152 0 0 75056 
81952 5267 81068 10237 0 53702 34704 99750 31173 65372 74033 67707 37027 62975 52162 26971 33251 99594 5109 35953 78266 98780 0 0 0 73337 47476 60096 0 0 65024 73121 28538 12343 7078 85618 1657 26128 13899 64090 54812 0 24304 67860 87766 0 92138 9332 16077 40656 43585 83713 74259 41063 98644 22772 61710 90535 0 28977 57934 0 7793 29125 
94842 71269 0 62812 0 33640 0 99795 68171 22209 43319 0 92330 57034 0 12420 0 0 78690 30028 33833 48792 0 0 55577 0 0 0 0 86883 73111 11735 0 61395 62189 0 32018 46069 9103 0 91550 0 96493 0 7414 42375 0 29197 0 369 88477 74304 5986 92662 46128 31819 0 0 28977 0 0 80216 86675 0 
27606 0 32810 43643 0 52587 0 62113 47148 20900 0 0 26525 44249 20433 72018 0 58187 13070 77057 0 62411 0 45304 35190 0 37279 78038 55430 15929 0 53378 3146 0 18616 45716 7326 0 97324 56085 0 63028 38496 60841 88098 32267 4417 62772 0 74165 97902 12004 57199 74213 11620 79853 53590 27152 57934 0 0 0 28133 19937 
0 0 19528 0 0 0 21800 55658 80474 79670 36329 76662 89272 87386 0 48006 95680 0 18888 31686 0 59208 27386 0 25956 74050 20283 28653 0 0 29446 18800 0 0 0 0 62231 5659 62603 0 0 0 87935 0 0 47341 0 32054 54829 88650 35830 40426 0 0 0 0 0 0 0 80216 0 0 37714 0 
58684 42525 48841 60183 0 17395 42143 0 60230 92926 0 0 99950 0 0 0 12989 77004 0 84883 0 41222 93481 56986 0 2992 67205 5969 58334 56627 18422 35990 54990 94096 0 73742 90649 68750 3346 98771 23394 75998 0 36246 74569 73117 523 9989 0 61803 37604 25986 45159 31572 21130 55491 0 0 7793 86675 28133 37714 0 11185 
35704 0 81000 97266 0 0 0 49329 64904 58301 79425 26202 0 47297 18724 0 0 21004 0 0 70487 85715 0 56000 82727 28050 37930 8630 0 74037 31420 0 99350 15694 65775 49252 66038 2179 40947 74286 48888 0 823 22546 83054 0 9810 59080 93737 57999 0 80460 0 44019 98019 133 73296 75056 29125 0 19937 0 11185 0 
